(defun threat (i j a b)
  (or (eql i a);Same row
      (eql j b);Same column
      (eql (- i j) (- a b));One diag.
      (eql (+ i j) (+ a b))));the other diagonal
THREAT
> 
; Is position (n,m) on the board not safe for a queen ?
(defun conflict (n m board)
  (cond ((null board) nil)
((threat n m (caar board) (cadar board)) t)
(t (conflict n m (cdr board)))))
CONFLICT
> 

; Place queens on a board of size SIZE
(defun queens (size)
  (prog (board n m)
(setq board nil)
(setq n 1);Try the first row
loop-n
(setq m 1);Column 1
loop-m
(cond ((conflict n m board) (go un-do-m))) ;Check for conflict
(setq board (cons (list n m) board))       ; Add queen to board
(cond ((> (setq n (1+ n)) size)            ; Placed N queens ?
       (print (reverse board))))           ; Print config
(go loop-n)           ; Next row which column?
un-do-n
(cond ((null board) (return 'Done))    ; Tried all possibilities
      (t (setq m (cadar board))   ; No, Undo last queen placed
 (setq n (caar board))
 (setq board (cdr board))))

un-do-m
(cond ((> (setq m (1+ m)) size)          ; Go try next column
       (go un-do-n))
      (t (go loop-m)))))
QUEENS
> (queens 6)
((1 2) (2 4) (3 6) (4 1) (5 3) (6 5))
((1 3) (2 6) (3 2) (4 5) (5 1) (6 4))
((1 4) (2 1) (3 5) (4 2) (5 6) (6 3))
((1 5) (2 3) (3 1) (4 6) (5 4) (6 2))
DONE
> (queens 7)
((1 1) (2 3) (3 5) (4 7) (5 2) (6 4) (7 6))
((1 1) (2 4) (3 7) (4 3) (5 6) (6 2) (7 5))
((1 1) (2 5) (3 2) (4 6) (5 3) (6 7) (7 4))
((1 1) (2 6) (3 4) (4 2) (5 7) (6 5) (7 3))
((1 2) (2 4) (3 1) (4 7) (5 5) (6 3) (7 6))
((1 2) (2 4) (3 6) (4 1) (5 3) (6 5) (7 7))
((1 2) (2 5) (3 1) (4 4) (5 7) (6 3) (7 6))
((1 2) (2 5) (3 3) (4 1) (5 7) (6 4) (7 6))
((1 2) (2 5) (3 7) (4 4) (5 1) (6 3) (7 6))
((1 2) (2 6) (3 3) (4 7) (5 4) (6 1) (7 5))
((1 2) (2 7) (3 5) (4 3) (5 1) (6 6) (7 4))
((1 3) (2 1) (3 6) (4 2) (5 5) (6 7) (7 4))
((1 3) (2 1) (3 6) (4 4) (5 2) (6 7) (7 5))
((1 3) (2 5) (3 7) (4 2) (5 4) (6 6) (7 1))
((1 3) (2 6) (3 2) (4 5) (5 1) (6 4) (7 7))
((1 3) (2 7) (3 2) (4 4) (5 6) (6 1) (7 5))
((1 3) (2 7) (3 4) (4 1) (5 5) (6 2) (7 6))
((1 4) (2 1) (3 3) (4 6) (5 2) (6 7) (7 5))
((1 4) (2 1) (3 5) (4 2) (5 6) (6 3) (7 7))
((1 4) (2 2) (3 7) (4 5) (5 3) (6 1) (7 6))
((1 4) (2 6) (3 1) (4 3) (5 5) (6 7) (7 2))
((1 4) (2 7) (3 3) (4 6) (5 2) (6 5) (7 1))
((1 4) (2 7) (3 5) (4 2) (5 6) (6 1) (7 3))
((1 5) (2 1) (3 4) (4 7) (5 3) (6 6) (7 2))
((1 5) (2 1) (3 6) (4 4) (5 2) (6 7) (7 3))
((1 5) (2 2) (3 6) (4 3) (5 7) (6 4) (7 1))
((1 5) (2 3) (3 1) (4 6) (5 4) (6 2) (7 7))
((1 5) (2 7) (3 2) (4 4) (5 6) (6 1) (7 3))
((1 5) (2 7) (3 2) (4 6) (5 3) (6 1) (7 4))
((1 6) (2 1) (3 3) (4 5) (5 7) (6 2) (7 4))
((1 6) (2 2) (3 5) (4 1) (5 4) (6 7) (7 3))
((1 6) (2 3) (3 1) (4 4) (5 7) (6 5) (7 2))
((1 6) (2 3) (3 5) (4 7) (5 1) (6 4) (7 2))
((1 6) (2 3) (3 7) (4 4) (5 1) (6 5) (7 2))
((1 6) (2 4) (3 2) (4 7) (5 5) (6 3) (7 1))
((1 6) (2 4) (3 7) (4 1) (5 3) (6 5) (7 2))
((1 7) (2 2) (3 4) (4 6) (5 1) (6 3) (7 5))
((1 7) (2 3) (3 6) (4 2) (5 5) (6 1) (7 4))
((1 7) (2 4) (3 1) (4 5) (5 2) (6 6) (7 3))
((1 7) (2 5) (3 3) (4 1) (5 6) (6 4) (7 2))
DONE
> (queens 8)
((1 1) (2 5) (3 8) (4 6) (5 3) (6 7) (7 2) (8 4))
((1 1) (2 6) (3 8) (4 3) (5 7) (6 4) (7 2) (8 5))
((1 1) (2 7) (3 4) (4 6) (5 8) (6 2) (7 5) (8 3))
((1 1) (2 7) (3 5) (4 8) (5 2) (6 4) (7 6) (8 3))
((1 2) (2 4) (3 6) (4 8) (5 3) (6 1) (7 7) (8 5))
((1 2) (2 5) (3 7) (4 1) (5 3) (6 8) (7 6) (8 4))
((1 2) (2 5) (3 7) (4 4) (5 1) (6 8) (7 6) (8 3))
((1 2) (2 6) (3 1) (4 7) (5 4) (6 8) (7 3) (8 5))
((1 2) (2 6) (3 8) (4 3) (5 1) (6 4) (7 7) (8 5))
((1 2) (2 7) (3 3) (4 6) (5 8) (6 5) (7 1) (8 4))
((1 2) (2 7) (3 5) (4 8) (5 1) (6 4) (7 6) (8 3))
((1 2) (2 8) (3 6) (4 1) (5 3) (6 5) (7 7) (8 4))
((1 3) (2 1) (3 7) (4 5) (5 8) (6 2) (7 4) (8 6))
((1 3) (2 5) (3 2) (4 8) (5 1) (6 7) (7 4) (8 6))
((1 3) (2 5) (3 2) (4 8) (5 6) (6 4) (7 7) (8 1))
((1 3) (2 5) (3 7) (4 1) (5 4) (6 2) (7 8) (8 6))
((1 3) (2 5) (3 8) (4 4) (5 1) (6 7) (7 2) (8 6))
((1 3) (2 6) (3 2) (4 5) (5 8) (6 1) (7 7) (8 4))
((1 3) (2 6) (3 2) (4 7) (5 1) (6 4) (7 8) (8 5))
((1 3) (2 6) (3 2) (4 7) (5 5) (6 1) (7 8) (8 4))
((1 3) (2 6) (3 4) (4 1) (5 8) (6 5) (7 7) (8 2))
((1 3) (2 6) (3 4) (4 2) (5 8) (6 5) (7 7) (8 1))
((1 3) (2 6) (3 8) (4 1) (5 4) (6 7) (7 5) (8 2))
((1 3) (2 6) (3 8) (4 1) (5 5) (6 7) (7 2) (8 4))
((1 3) (2 6) (3 8) (4 2) (5 4) (6 1) (7 7) (8 5))
((1 3) (2 7) (3 2) (4 8) (5 5) (6 1) (7 4) (8 6))
((1 3) (2 7) (3 2) (4 8) (5 6) (6 4) (7 1) (8 5))
((1 3) (2 8) (3 4) (4 7) (5 1) (6 6) (7 2) (8 5))
((1 4) (2 1) (3 5) (4 8) (5 2) (6 7) (7 3) (8 6))
((1 4) (2 1) (3 5) (4 8) (5 6) (6 3) (7 7) (8 2))
((1 4) (2 2) (3 5) (4 8) (5 6) (6 1) (7 3) (8 7))
((1 4) (2 2) (3 7) (4 3) (5 6) (6 8) (7 1) (8 5))
((1 4) (2 2) (3 7) (4 3) (5 6) (6 8) (7 5) (8 1))
((1 4) (2 2) (3 7) (4 5) (5 1) (6 8) (7 6) (8 3))
((1 4) (2 2) (3 8) (4 5) (5 7) (6 1) (7 3) (8 6))
((1 4) (2 2) (3 8) (4 6) (5 1) (6 3) (7 5) (8 7))
((1 4) (2 6) (3 1) (4 5) (5 2) (6 8) (7 3) (8 7))
((1 4) (2 6) (3 8) (4 2) (5 7) (6 1) (7 3) (8 5))
((1 4) (2 6) (3 8) (4 3) (5 1) (6 7) (7 5) (8 2))
((1 4) (2 7) (3 1) (4 8) (5 5) (6 2) (7 6) (8 3))
((1 4) (2 7) (3 3) (4 8) (5 2) (6 5) (7 1) (8 6))
((1 4) (2 7) (3 5) (4 2) (5 6) (6 1) (7 3) (8 8))
((1 4) (2 7) (3 5) (4 3) (5 1) (6 6) (7 8) (8 2))
((1 4) (2 8) (3 1) (4 3) (5 6) (6 2) (7 7) (8 5))
((1 4) (2 8) (3 1) (4 5) (5 7) (6 2) (7 6) (8 3))
((1 4) (2 8) (3 5) (4 3) (5 1) (6 7) (7 2) (8 6))
((1 5) (2 1) (3 4) (4 6) (5 8) (6 2) (7 7) (8 3))
((1 5) (2 1) (3 8) (4 4) (5 2) (6 7) (7 3) (8 6))
((1 5) (2 1) (3 8) (4 6) (5 3) (6 7) (7 2) (8 4))
((1 5) (2 2) (3 4) (4 6) (5 8) (6 3) (7 1) (8 7))
((1 5) (2 2) (3 4) (4 7) (5 3) (6 8) (7 6) (8 1))
((1 5) (2 2) (3 6) (4 1) (5 7) (6 4) (7 8) (8 3))
((1 5) (2 2) (3 8) (4 1) (5 4) (6 7) (7 3) (8 6))
((1 5) (2 3) (3 1) (4 6) (5 8) (6 2) (7 4) (8 7))
((1 5) (2 3) (3 1) (4 7) (5 2) (6 8) (7 6) (8 4))
((1 5) (2 3) (3 8) (4 4) (5 7) (6 1) (7 6) (8 2))
((1 5) (2 7) (3 1) (4 3) (5 8) (6 6) (7 4) (8 2))
((1 5) (2 7) (3 1) (4 4) (5 2) (6 8) (7 6) (8 3))
((1 5) (2 7) (3 2) (4 4) (5 8) (6 1) (7 3) (8 6))
((1 5) (2 7) (3 2) (4 6) (5 3) (6 1) (7 4) (8 8))
((1 5) (2 7) (3 2) (4 6) (5 3) (6 1) (7 8) (8 4))
((1 5) (2 7) (3 4) (4 1) (5 3) (6 8) (7 6) (8 2))
((1 5) (2 8) (3 4) (4 1) (5 3) (6 6) (7 2) (8 7))
((1 5) (2 8) (3 4) (4 1) (5 7) (6 2) (7 6) (8 3))
((1 6) (2 1) (3 5) (4 2) (5 8) (6 3) (7 7) (8 4))
((1 6) (2 2) (3 7) (4 1) (5 3) (6 5) (7 8) (8 4))
((1 6) (2 2) (3 7) (4 1) (5 4) (6 8) (7 5) (8 3))
((1 6) (2 3) (3 1) (4 7) (5 5) (6 8) (7 2) (8 4))
((1 6) (2 3) (3 1) (4 8) (5 4) (6 2) (7 7) (8 5))
((1 6) (2 3) (3 1) (4 8) (5 5) (6 2) (7 4) (8 7))
((1 6) (2 3) (3 5) (4 7) (5 1) (6 4) (7 2) (8 8))
((1 6) (2 3) (3 5) (4 8) (5 1) (6 4) (7 2) (8 7))
((1 6) (2 3) (3 7) (4 2) (5 4) (6 8) (7 1) (8 5))
((1 6) (2 3) (3 7) (4 2) (5 8) (6 5) (7 1) (8 4))
((1 6) (2 3) (3 7) (4 4) (5 1) (6 8) (7 2) (8 5))
((1 6) (2 4) (3 1) (4 5) (5 8) (6 2) (7 7) (8 3))
((1 6) (2 4) (3 2) (4 8) (5 5) (6 7) (7 1) (8 3))
((1 6) (2 4) (3 7) (4 1) (5 3) (6 5) (7 2) (8 8))
((1 6) (2 4) (3 7) (4 1) (5 8) (6 2) (7 5) (8 3))
((1 6) (2 8) (3 2) (4 4) (5 1) (6 7) (7 5) (8 3))
((1 7) (2 1) (3 3) (4 8) (5 6) (6 4) (7 2) (8 5))
((1 7) (2 2) (3 4) (4 1) (5 8) (6 5) (7 3) (8 6))
((1 7) (2 2) (3 6) (4 3) (5 1) (6 4) (7 8) (8 5))
((1 7) (2 3) (3 1) (4 6) (5 8) (6 5) (7 2) (8 4))
((1 7) (2 3) (3 8) (4 2) (5 5) (6 1) (7 6) (8 4))
((1 7) (2 4) (3 2) (4 5) (5 8) (6 1) (7 3) (8 6))
((1 7) (2 4) (3 2) (4 8) (5 6) (6 1) (7 3) (8 5))
((1 7) (2 5) (3 3) (4 1) (5 6) (6 8) (7 2) (8 4))
((1 8) (2 2) (3 4) (4 1) (5 7) (6 5) (7 3) (8 6))
((1 8) (2 2) (3 5) (4 3) (5 1) (6 7) (7 4) (8 6))
((1 8) (2 3) (3 1) (4 6) (5 2) (6 5) (7 7) (8 4))
((1 8) (2 4) (3 1) (4 3) (5 6) (6 2) (7 7) (8 5))
DONE
> (queens 9)
((1 1) (2 3) (3 6) (4 8) (5 2) (6 4) (7 9) (8 7) (9 5))
((1 1) (2 3) (3 7) (4 2) (5 8) (6 5) (7 9) (8 4) (9 6))
((1 1) (2 3) (3 8) (4 6) (5 9) (6 2) (7 5) (8 7) (9 4))
((1 1) (2 4) (3 2) (4 8) (5 6) (6 9) (7 3) (8 5) (9 7))
((1 1) (2 4) (3 6) (4 3) (5 9) (6 2) (7 8) (8 5) (9 7))
((1 1) (2 4) (3 6) (4 8) (5 2) (6 5) (7 3) (8 9) (9 7))
((1 1) (2 4) (3 7) (4 3) (5 8) (6 2) (7 5) (8 9) (9 6))
((1 1) (2 4) (3 7) (4 9) (5 2) (6 5) (7 8) (8 6) (9 3))
((1 1) (2 4) (3 8) (4 3) (5 9) (6 7) (7 5) (8 2) (9 6))
((1 1) (2 5) (3 2) (4 6) (5 9) (6 3) (7 8) (8 4) (9 7))
((1 1) (2 5) (3 7) (4 2) (5 6) (6 3) (7 9) (8 4) (9 8))
((1 1) (2 5) (3 7) (4 9) (5 3) (6 8) (7 2) (8 4) (9 6))
((1 1) (2 5) (3 7) (4 9) (5 4) (6 2) (7 8) (8 6) (9 3))
((1 1) (2 5) (3 9) (4 2) (5 6) (6 8) (7 3) (8 7) (9 4))
((1 1) (2 5) (3 9) (4 6) (5 4) (6 2) (7 8) (8 3) (9 7))
((1 1) (2 6) (3 2) (4 9) (5 7) (6 4) (7 8) (8 3) (9 5))
((1 1) (2 6) (3 4) (4 2) (5 7) (6 9) (7 3) (8 5) (9 8))
((1 1) (2 6) (3 4) (4 2) (5 8) (6 3) (7 9) (8 7) (9 5))
((1 1) (2 6) (3 8) (4 3) (5 7) (6 4) (7 2) (8 9) (9 5))
((1 1) (2 6) (3 8) (4 5) (5 2) (6 4) (7 9) (8 7) (9 3))
((1 1) (2 6) (3 9) (4 5) (5 2) (6 8) (7 3) (8 7) (9 4))
((1 1) (2 7) (3 4) (4 6) (5 9) (6 2) (7 5) (8 3) (9 8))
((1 1) (2 7) (3 4) (4 8) (5 3) (6 5) (7 9) (8 2) (9 6))
((1 1) (2 7) (3 4) (4 8) (5 3) (6 9) (7 6) (8 2) (9 5))
((1 1) (2 7) (3 5) (4 8) (5 2) (6 9) (7 3) (8 6) (9 4))
((1 1) (2 8) (3 4) (4 2) (5 7) (6 9) (7 6) (8 3) (9 5))
((1 1) (2 8) (3 5) (4 3) (5 6) (6 9) (7 2) (8 4) (9 7))
((1 1) (2 8) (3 5) (4 3) (5 9) (6 7) (7 2) (8 4) (9 6))
((1 2) (2 4) (3 1) (4 7) (5 9) (6 6) (7 3) (8 5) (9 8))
((1 2) (2 4) (3 7) (4 1) (5 3) (6 9) (7 6) (8 8) (9 5))
((1 2) (2 4) (3 8) (4 3) (5 9) (6 6) (7 1) (8 5) (9 7))
((1 2) (2 4) (3 9) (4 7) (5 3) (6 1) (7 6) (8 8) (9 5))
((1 2) (2 4) (3 9) (4 7) (5 5) (6 3) (7 1) (8 6) (9 8))
((1 2) (2 5) (3 7) (4 1) (5 3) (6 8) (7 6) (8 4) (9 9))
((1 2) (2 5) (3 7) (4 4) (5 1) (6 3) (7 9) (8 6) (9 8))
((1 2) (2 5) (3 7) (4 9) (5 3) (6 6) (7 4) (8 1) (9 8))
((1 2) (2 5) (3 7) (4 9) (5 4) (6 8) (7 1) (8 3) (9 6))
((1 2) (2 5) (3 8) (4 1) (5 3) (6 6) (7 9) (8 7) (9 4))
((1 2) (2 5) (3 8) (4 1) (5 9) (6 6) (7 3) (8 7) (9 4))
((1 2) (2 5) (3 8) (4 6) (5 9) (6 3) (7 1) (8 4) (9 7))
((1 2) (2 5) (3 8) (4 6) (5 9) (6 3) (7 1) (8 7) (9 4))
((1 2) (2 5) (3 9) (4 4) (5 1) (6 8) (7 6) (8 3) (9 7))
((1 2) (2 6) (3 1) (4 3) (5 7) (6 9) (7 4) (8 8) (9 5))
((1 2) (2 6) (3 1) (4 7) (5 4) (6 8) (7 3) (8 5) (9 9))
((1 2) (2 6) (3 1) (4 7) (5 5) (6 3) (7 9) (8 4) (9 8))
((1 2) (2 6) (3 1) (4 9) (5 5) (6 8) (7 4) (8 7) (9 3))
((1 2) (2 6) (3 3) (4 1) (5 8) (6 4) (7 9) (8 7) (9 5))
((1 2) (2 6) (3 9) (4 3) (5 5) (6 8) (7 4) (8 1) (9 7))
((1 2) (2 7) (3 5) (4 1) (5 9) (6 4) (7 6) (8 8) (9 3))
((1 2) (2 7) (3 5) (4 8) (5 1) (6 4) (7 6) (8 3) (9 9))
((1 2) (2 7) (3 9) (4 6) (5 3) (6 1) (7 4) (8 8) (9 5))
((1 2) (2 8) (3 1) (4 4) (5 7) (6 9) (7 6) (8 3) (9 5))
((1 2) (2 8) (3 5) (4 3) (5 9) (6 6) (7 4) (8 1) (9 7))
((1 2) (2 8) (3 6) (4 9) (5 3) (6 1) (7 4) (8 7) (9 5))
((1 2) (2 9) (3 5) (4 3) (5 8) (6 4) (7 7) (8 1) (9 6))
((1 2) (2 9) (3 6) (4 3) (5 5) (6 8) (7 1) (8 4) (9 7))
((1 2) (2 9) (3 6) (4 3) (5 7) (6 4) (7 1) (8 8) (9 5))
((1 2) (2 9) (3 6) (4 4) (5 7) (6 1) (7 3) (8 5) (9 8))
((1 3) (2 1) (3 4) (4 7) (5 9) (6 2) (7 5) (8 8) (9 6))
((1 3) (2 1) (3 6) (4 8) (5 5) (6 2) (7 4) (8 9) (9 7))
((1 3) (2 1) (3 7) (4 2) (5 8) (6 6) (7 4) (8 9) (9 5))
((1 3) (2 1) (3 7) (4 5) (5 8) (6 2) (7 4) (8 6) (9 9))
((1 3) (2 1) (3 8) (4 4) (5 9) (6 7) (7 5) (8 2) (9 6))
((1 3) (2 1) (3 9) (4 7) (5 5) (6 2) (7 8) (8 6) (9 4))
((1 3) (2 5) (3 2) (4 8) (5 1) (6 4) (7 7) (8 9) (9 6))
((1 3) (2 5) (3 2) (4 8) (5 1) (6 7) (7 4) (8 6) (9 9))
((1 3) (2 5) (3 7) (4 1) (5 4) (6 2) (7 8) (8 6) (9 9))
((1 3) (2 5) (3 8) (4 2) (5 9) (6 6) (7 1) (8 7) (9 4))
((1 3) (2 5) (3 8) (4 2) (5 9) (6 7) (7 1) (8 4) (9 6))
((1 3) (2 5) (3 9) (4 2) (5 4) (6 7) (7 1) (8 8) (9 6))
((1 3) (2 5) (3 9) (4 4) (5 1) (6 7) (7 2) (8 6) (9 8))
((1 3) (2 6) (3 2) (4 7) (5 1) (6 4) (7 8) (8 5) (9 9))
((1 3) (2 6) (3 2) (4 9) (5 5) (6 1) (7 8) (8 4) (9 7))
((1 3) (2 6) (3 8) (4 1) (5 4) (6 7) (7 5) (8 2) (9 9))
((1 3) (2 6) (3 8) (4 1) (5 5) (6 9) (7 2) (8 4) (9 7))
((1 3) (2 6) (3 8) (4 2) (5 4) (6 9) (7 7) (8 5) (9 1))
((1 3) (2 6) (3 8) (4 5) (5 1) (6 9) (7 7) (8 2) (9 4))
((1 3) (2 6) (3 8) (4 5) (5 2) (6 9) (7 7) (8 4) (9 1))
((1 3) (2 6) (3 9) (4 1) (5 8) (6 4) (7 2) (8 7) (9 5))
((1 3) (2 6) (3 9) (4 2) (5 5) (6 7) (7 4) (8 1) (9 8))
((1 3) (2 6) (3 9) (4 2) (5 8) (6 1) (7 4) (8 7) (9 5))
((1 3) (2 6) (3 9) (4 5) (5 8) (6 1) (7 4) (8 2) (9 7))
((1 3) (2 6) (3 9) (4 7) (5 1) (6 4) (7 2) (8 5) (9 8))
((1 3) (2 6) (3 9) (4 7) (5 2) (6 4) (7 8) (8 1) (9 5))
((1 3) (2 6) (3 9) (4 7) (5 4) (6 1) (7 8) (8 2) (9 5))
((1 3) (2 7) (3 2) (4 4) (5 8) (6 1) (7 5) (8 9) (9 6))
((1 3) (2 7) (3 2) (4 8) (5 5) (6 9) (7 1) (8 6) (9 4))
((1 3) (2 7) (3 2) (4 8) (5 6) (6 4) (7 1) (8 5) (9 9))
((1 3) (2 7) (3 4) (4 2) (5 9) (6 5) (7 1) (8 8) (9 6))
((1 3) (2 7) (3 4) (4 2) (5 9) (6 6) (7 1) (8 5) (9 8))
((1 3) (2 7) (3 4) (4 8) (5 5) (6 9) (7 1) (8 6) (9 2))
((1 3) (2 7) (3 9) (4 1) (5 5) (6 2) (7 8) (8 6) (9 4))
((1 3) (2 7) (3 9) (4 4) (5 2) (6 5) (7 8) (8 6) (9 1))
((1 3) (2 8) (3 2) (4 4) (5 9) (6 7) (7 5) (8 1) (9 6))
((1 3) (2 8) (3 4) (4 7) (5 9) (6 2) (7 5) (8 1) (9 6))
((1 3) (2 8) (3 6) (4 1) (5 9) (6 2) (7 5) (8 7) (9 4))
((1 3) (2 8) (3 6) (4 4) (5 9) (6 1) (7 5) (8 7) (9 2))
((1 3) (2 8) (3 6) (4 9) (5 2) (6 5) (7 1) (8 4) (9 7))
((1 3) (2 9) (3 2) (4 5) (5 8) (6 1) (7 7) (8 4) (9 6))
((1 3) (2 9) (3 4) (4 1) (5 8) (6 6) (7 2) (8 7) (9 5))
((1 3) (2 9) (3 4) (4 2) (5 8) (6 6) (7 1) (8 7) (9 5))
((1 3) (2 9) (3 4) (4 8) (5 5) (6 2) (7 6) (8 1) (9 7))
((1 3) (2 9) (3 6) (4 2) (5 5) (6 7) (7 1) (8 4) (9 8))
((1 3) (2 9) (3 6) (4 4) (5 1) (6 7) (7 5) (8 2) (9 8))
((1 3) (2 9) (3 6) (4 8) (5 2) (6 4) (7 1) (8 7) (9 5))
((1 4) (2 1) (3 3) (4 6) (5 9) (6 2) (7 8) (8 5) (9 7))
((1 4) (2 1) (3 5) (4 2) (5 9) (6 7) (7 3) (8 8) (9 6))
((1 4) (2 1) (3 5) (4 8) (5 2) (6 7) (7 3) (8 6) (9 9))
((1 4) (2 1) (3 5) (4 9) (5 2) (6 6) (7 8) (8 3) (9 7))
((1 4) (2 1) (3 7) (4 9) (5 2) (6 6) (7 8) (8 3) (9 5))
((1 4) (2 1) (3 9) (4 6) (5 3) (6 7) (7 2) (8 8) (9 5))
((1 4) (2 2) (3 5) (4 8) (5 1) (6 3) (7 6) (8 9) (9 7))
((1 4) (2 2) (3 7) (4 3) (5 1) (6 8) (7 5) (8 9) (9 6))
((1 4) (2 2) (3 7) (4 9) (5 1) (6 5) (7 8) (8 6) (9 3))
((1 4) (2 2) (3 7) (4 9) (5 1) (6 8) (7 5) (8 3) (9 6))
((1 4) (2 2) (3 8) (4 3) (5 9) (6 7) (7 5) (8 1) (9 6))
((1 4) (2 2) (3 9) (4 3) (5 6) (6 8) (7 1) (8 5) (9 7))
((1 4) (2 2) (3 9) (4 5) (5 1) (6 8) (7 6) (8 3) (9 7))
((1 4) (2 6) (3 1) (4 5) (5 2) (6 8) (7 3) (8 7) (9 9))
((1 4) (2 6) (3 1) (4 9) (5 5) (6 8) (7 2) (8 7) (9 3))
((1 4) (2 6) (3 1) (4 9) (5 7) (6 3) (7 8) (8 2) (9 5))
((1 4) (2 6) (3 3) (4 9) (5 2) (6 5) (7 8) (8 1) (9 7))
((1 4) (2 6) (3 3) (4 9) (5 2) (6 8) (7 5) (8 7) (9 1))
((1 4) (2 6) (3 3) (4 9) (5 7) (6 1) (7 8) (8 2) (9 5))
((1 4) (2 6) (3 8) (4 2) (5 5) (6 1) (7 9) (8 7) (9 3))
((1 4) (2 6) (3 8) (4 2) (5 5) (6 7) (7 9) (8 1) (9 3))
((1 4) (2 6) (3 8) (4 2) (5 7) (6 1) (7 3) (8 5) (9 9))
((1 4) (2 6) (3 8) (4 3) (5 1) (6 7) (7 5) (8 2) (9 9))
((1 4) (2 6) (3 9) (4 3) (5 1) (6 8) (7 2) (8 5) (9 7))
((1 4) (2 7) (3 1) (4 3) (5 9) (6 6) (7 8) (8 5) (9 2))
((1 4) (2 7) (3 1) (4 6) (5 9) (6 2) (7 8) (8 5) (9 3))
((1 4) (2 7) (3 1) (4 8) (5 5) (6 2) (7 9) (8 3) (9 6))
((1 4) (2 7) (3 3) (4 6) (5 9) (6 1) (7 8) (8 5) (9 2))
((1 4) (2 7) (3 3) (4 8) (5 2) (6 5) (7 9) (8 6) (9 1))
((1 4) (2 7) (3 3) (4 8) (5 6) (6 1) (7 9) (8 2) (9 5))
((1 4) (2 7) (3 3) (4 8) (5 6) (6 2) (7 9) (8 5) (9 1))
((1 4) (2 7) (3 5) (4 2) (5 9) (6 1) (7 3) (8 8) (9 6))
((1 4) (2 7) (3 5) (4 2) (5 9) (6 1) (7 6) (8 8) (9 3))
((1 4) (2 7) (3 5) (4 2) (5 9) (6 6) (7 8) (8 3) (9 1))
((1 4) (2 7) (3 9) (4 2) (5 5) (6 8) (7 1) (8 3) (9 6))
((1 4) (2 7) (3 9) (4 2) (5 6) (6 1) (7 3) (8 5) (9 8))
((1 4) (2 7) (3 9) (4 6) (5 3) (6 1) (7 8) (8 5) (9 2))
((1 4) (2 8) (3 1) (4 5) (5 7) (6 2) (7 6) (8 3) (9 9))
((1 4) (2 8) (3 5) (4 3) (5 1) (6 6) (7 2) (8 9) (9 7))
((1 4) (2 8) (3 5) (4 3) (5 1) (6 7) (7 2) (8 6) (9 9))
((1 4) (2 9) (3 3) (4 6) (5 2) (6 7) (7 5) (8 1) (9 8))
((1 4) (2 9) (3 5) (4 3) (5 1) (6 6) (7 8) (8 2) (9 7))
((1 4) (2 9) (3 5) (4 3) (5 1) (6 7) (7 2) (8 8) (9 6))
((1 4) (2 9) (3 5) (4 8) (5 1) (6 3) (7 6) (8 2) (9 7))
((1 5) (2 1) (3 6) (4 4) (5 2) (6 8) (7 3) (8 9) (9 7))
((1 5) (2 1) (3 8) (4 4) (5 2) (6 7) (7 9) (8 6) (9 3))
((1 5) (2 1) (3 8) (4 6) (5 3) (6 7) (7 2) (8 4) (9 9))
((1 5) (2 2) (3 4) (4 1) (5 7) (6 9) (7 3) (8 6) (9 8))
((1 5) (2 2) (3 4) (4 9) (5 7) (6 3) (7 1) (8 6) (9 8))
((1 5) (2 2) (3 6) (4 1) (5 3) (6 7) (7 9) (8 4) (9 8))
((1 5) (2 2) (3 6) (4 9) (5 3) (6 8) (7 4) (8 7) (9 1))
((1 5) (2 2) (3 6) (4 9) (5 7) (6 4) (7 1) (8 3) (9 8))
((1 5) (2 2) (3 8) (4 1) (5 4) (6 7) (7 9) (8 6) (9 3))
((1 5) (2 2) (3 8) (4 1) (5 7) (6 9) (7 3) (8 6) (9 4))
((1 5) (2 2) (3 8) (4 3) (5 7) (6 4) (7 1) (8 9) (9 6))
((1 5) (2 2) (3 8) (4 3) (5 7) (6 9) (7 1) (8 6) (9 4))
((1 5) (2 2) (3 9) (4 1) (5 6) (6 8) (7 3) (8 7) (9 4))
((1 5) (2 2) (3 9) (4 6) (5 3) (6 7) (7 4) (8 1) (9 8))
((1 5) (2 3) (3 1) (4 6) (5 2) (6 9) (7 7) (8 4) (9 8))
((1 5) (2 3) (3 1) (4 6) (5 8) (6 2) (7 4) (8 7) (9 9))
((1 5) (2 3) (3 1) (4 7) (5 2) (6 8) (7 6) (8 4) (9 9))
((1 5) (2 3) (3 6) (4 9) (5 2) (6 8) (7 1) (8 4) (9 7))
((1 5) (2 3) (3 6) (4 9) (5 7) (6 1) (7 4) (8 2) (9 8))
((1 5) (2 3) (3 6) (4 9) (5 7) (6 2) (7 4) (8 8) (9 1))
((1 5) (2 3) (3 6) (4 9) (5 7) (6 4) (7 1) (8 8) (9 2))
((1 5) (2 3) (3 8) (4 4) (5 2) (6 9) (7 6) (8 1) (9 7))
((1 5) (2 3) (3 8) (4 4) (5 7) (6 9) (7 2) (8 6) (9 1))
((1 5) (2 3) (3 8) (4 6) (5 2) (6 9) (7 1) (8 4) (9 7))
((1 5) (2 3) (3 8) (4 6) (5 2) (6 9) (7 7) (8 1) (9 4))
((1 5) (2 3) (3 9) (4 4) (5 2) (6 8) (7 6) (8 1) (9 7))
((1 5) (2 3) (3 9) (4 6) (5 8) (6 2) (7 4) (8 1) (9 7))
((1 5) (2 7) (3 1) (4 4) (5 2) (6 8) (7 6) (8 9) (9 3))
((1 5) (2 7) (3 1) (4 6) (5 8) (6 2) (7 4) (8 9) (9 3))
((1 5) (2 7) (3 2) (4 4) (5 8) (6 1) (7 3) (8 9) (9 6))
((1 5) (2 7) (3 2) (4 4) (5 8) (6 1) (7 9) (8 6) (9 3))
((1 5) (2 7) (3 2) (4 6) (5 3) (6 1) (7 8) (8 4) (9 9))
((1 5) (2 7) (3 2) (4 6) (5 8) (6 1) (7 4) (8 9) (9 3))
((1 5) (2 7) (3 4) (4 1) (5 3) (6 6) (7 9) (8 2) (9 8))
((1 5) (2 7) (3 4) (4 1) (5 3) (6 8) (7 6) (8 2) (9 9))
((1 5) (2 7) (3 4) (4 1) (5 3) (6 9) (7 6) (8 8) (9 2))
((1 5) (2 7) (3 4) (4 1) (5 8) (6 2) (7 9) (8 6) (9 3))
((1 5) (2 7) (3 9) (4 3) (5 8) (6 2) (7 4) (8 6) (9 1))
((1 5) (2 7) (3 9) (4 4) (5 2) (6 8) (7 6) (8 3) (9 1))
((1 5) (2 7) (3 9) (4 4) (5 8) (6 1) (7 3) (8 6) (9 2))
((1 5) (2 8) (3 1) (4 4) (5 7) (6 3) (7 6) (8 9) (9 2))
((1 5) (2 8) (3 1) (4 9) (5 4) (6 2) (7 7) (8 3) (9 6))
((1 5) (2 8) (3 2) (4 7) (5 3) (6 1) (7 9) (8 4) (9 6))
((1 5) (2 8) (3 2) (4 7) (5 3) (6 6) (7 9) (8 1) (9 4))
((1 5) (2 8) (3 2) (4 9) (5 3) (6 1) (7 7) (8 4) (9 6))
((1 5) (2 8) (3 2) (4 9) (5 6) (6 3) (7 1) (8 4) (9 7))
((1 5) (2 8) (3 4) (4 1) (5 3) (6 6) (7 9) (8 7) (9 2))
((1 5) (2 8) (3 4) (4 1) (5 7) (6 2) (7 6) (8 3) (9 9))
((1 5) (2 8) (3 4) (4 9) (5 7) (6 3) (7 1) (8 6) (9 2))
((1 5) (2 8) (3 6) (4 1) (5 3) (6 7) (7 9) (8 4) (9 2))
((1 5) (2 8) (3 6) (4 9) (5 3) (6 1) (7 7) (8 4) (9 2))
((1 5) (2 9) (3 2) (4 4) (5 7) (6 3) (7 8) (8 6) (9 1))
((1 5) (2 9) (3 2) (4 6) (5 8) (6 3) (7 1) (8 4) (9 7))
((1 5) (2 9) (3 4) (4 6) (5 8) (6 2) (7 7) (8 1) (9 3))
((1 6) (2 1) (3 5) (4 2) (5 9) (6 7) (7 4) (8 8) (9 3))
((1 6) (2 1) (3 5) (4 7) (5 9) (6 3) (7 8) (8 2) (9 4))
((1 6) (2 1) (3 5) (4 7) (5 9) (6 4) (7 2) (8 8) (9 3))
((1 6) (2 1) (3 7) (4 4) (5 8) (6 3) (7 5) (8 9) (9 2))
((1 6) (2 2) (3 5) (4 7) (5 9) (6 3) (7 8) (8 4) (9 1))
((1 6) (2 2) (3 5) (4 7) (5 9) (6 4) (7 8) (8 1) (9 3))
((1 6) (2 2) (3 9) (4 5) (5 3) (6 8) (7 4) (8 7) (9 1))
((1 6) (2 3) (3 1) (4 4) (5 7) (6 9) (7 2) (8 5) (9 8))
((1 6) (2 3) (3 1) (4 8) (5 4) (6 9) (7 7) (8 5) (9 2))
((1 6) (2 3) (3 1) (4 8) (5 5) (6 2) (7 9) (8 7) (9 4))
((1 6) (2 3) (3 5) (4 8) (5 1) (6 4) (7 2) (8 7) (9 9))
((1 6) (2 3) (3 5) (4 8) (5 1) (6 9) (7 4) (8 2) (9 7))
((1 6) (2 3) (3 5) (4 8) (5 1) (6 9) (7 7) (8 2) (9 4))
((1 6) (2 3) (3 7) (4 2) (5 4) (6 8) (7 1) (8 5) (9 9))
((1 6) (2 3) (3 7) (4 2) (5 4) (6 9) (7 1) (8 8) (9 5))
((1 6) (2 3) (3 7) (4 2) (5 8) (6 5) (7 1) (8 4) (9 9))
((1 6) (2 3) (3 7) (4 4) (5 1) (6 9) (7 2) (8 5) (9 8))
((1 6) (2 3) (3 9) (4 2) (5 5) (6 8) (7 1) (8 7) (9 4))
((1 6) (2 3) (3 9) (4 4) (5 1) (6 8) (7 2) (8 5) (9 7))
((1 6) (2 3) (3 9) (4 7) (5 1) (6 4) (7 2) (8 5) (9 8))
((1 6) (2 4) (3 1) (4 7) (5 9) (6 2) (7 8) (8 5) (9 3))
((1 6) (2 4) (3 2) (4 7) (5 9) (6 3) (7 5) (8 8) (9 1))
((1 6) (2 4) (3 2) (4 8) (5 3) (6 9) (7 7) (8 5) (9 1))
((1 6) (2 4) (3 2) (4 8) (5 5) (6 3) (7 1) (8 9) (9 7))
((1 6) (2 4) (3 2) (4 8) (5 5) (6 9) (7 1) (8 3) (9 7))
((1 6) (2 4) (3 7) (4 1) (5 3) (6 9) (7 2) (8 8) (9 5))
((1 6) (2 4) (3 7) (4 1) (5 8) (6 2) (7 5) (8 3) (9 9))
((1 6) (2 4) (3 7) (4 1) (5 8) (6 5) (7 2) (8 9) (9 3))
((1 6) (2 4) (3 9) (4 1) (5 3) (6 7) (7 2) (8 8) (9 5))
((1 6) (2 4) (3 9) (4 1) (5 5) (6 2) (7 8) (8 3) (9 7))
((1 6) (2 4) (3 9) (4 5) (5 8) (6 2) (7 7) (8 3) (9 1))
((1 6) (2 8) (3 1) (4 5) (5 9) (6 2) (7 4) (8 7) (9 3))
((1 6) (2 8) (3 1) (4 7) (5 4) (6 2) (7 9) (8 5) (9 3))
((1 6) (2 8) (3 2) (4 7) (5 1) (6 3) (7 5) (8 9) (9 4))
((1 6) (2 8) (3 3) (4 1) (5 9) (6 2) (7 5) (8 7) (9 4))
((1 6) (2 8) (3 3) (4 1) (5 9) (6 5) (7 2) (8 4) (9 7))
((1 6) (2 8) (3 3) (4 7) (5 9) (6 2) (7 5) (8 1) (9 4))
((1 6) (2 8) (3 5) (4 2) (5 9) (6 7) (7 4) (8 1) (9 3))
((1 6) (2 9) (3 1) (4 4) (5 7) (6 3) (7 8) (8 2) (9 5))
((1 6) (2 9) (3 3) (4 1) (5 8) (6 4) (7 2) (8 7) (9 5))
((1 6) (2 9) (3 5) (4 1) (5 8) (6 4) (7 2) (8 7) (9 3))
((1 6) (2 9) (3 5) (4 2) (5 8) (6 3) (7 7) (8 4) (9 1))
((1 6) (2 9) (3 5) (4 8) (5 1) (6 3) (7 7) (8 2) (9 4))
((1 6) (2 9) (3 7) (4 4) (5 1) (6 8) (7 2) (8 5) (9 3))
((1 7) (2 1) (3 4) (4 2) (5 8) (6 6) (7 9) (8 3) (9 5))
((1 7) (2 1) (3 4) (4 6) (5 9) (6 3) (7 5) (8 8) (9 2))
((1 7) (2 1) (3 4) (4 8) (5 5) (6 3) (7 9) (8 6) (9 2))
((1 7) (2 1) (3 6) (4 2) (5 5) (6 8) (7 4) (8 9) (9 3))
((1 7) (2 1) (3 6) (4 8) (5 2) (6 4) (7 9) (8 3) (9 5))
((1 7) (2 1) (3 6) (4 9) (5 2) (6 4) (7 8) (8 3) (9 5))
((1 7) (2 1) (3 8) (4 5) (5 2) (6 9) (7 3) (8 6) (9 4))
((1 7) (2 2) (3 4) (4 1) (5 8) (6 5) (7 9) (8 6) (9 3))
((1 7) (2 2) (3 4) (4 6) (5 1) (6 9) (7 5) (8 3) (9 8))
((1 7) (2 2) (3 4) (4 9) (5 1) (6 8) (7 5) (8 3) (9 6))
((1 7) (2 2) (3 6) (4 3) (5 1) (6 8) (7 5) (8 9) (9 4))
((1 7) (2 2) (3 8) (4 6) (5 1) (6 3) (7 5) (8 9) (9 4))
((1 7) (2 3) (3 1) (4 6) (5 8) (6 5) (7 2) (8 4) (9 9))
((1 7) (2 3) (3 1) (4 9) (5 5) (6 8) (7 2) (8 4) (9 6))
((1 7) (2 3) (3 6) (4 2) (5 5) (6 1) (7 9) (8 4) (9 8))
((1 7) (2 3) (3 6) (4 8) (5 1) (6 4) (7 9) (8 5) (9 2))
((1 7) (2 3) (3 6) (4 8) (5 1) (6 5) (7 9) (8 2) (9 4))
((1 7) (2 3) (3 8) (4 2) (5 4) (6 6) (7 9) (8 5) (9 1))
((1 7) (2 3) (3 8) (4 2) (5 5) (6 1) (7 9) (8 4) (9 6))
((1 7) (2 3) (3 8) (4 6) (5 2) (6 9) (7 5) (8 1) (9 4))
((1 7) (2 4) (3 1) (4 3) (5 6) (6 9) (7 2) (8 8) (9 5))
((1 7) (2 4) (3 1) (4 3) (5 8) (6 6) (7 2) (8 9) (9 5))
((1 7) (2 4) (3 1) (4 3) (5 9) (6 6) (7 8) (8 5) (9 2))
((1 7) (2 4) (3 1) (4 5) (5 2) (6 9) (7 6) (8 8) (9 3))
((1 7) (2 4) (3 1) (4 8) (5 2) (6 9) (7 6) (8 3) (9 5))
((1 7) (2 4) (3 1) (4 8) (5 5) (6 3) (7 6) (8 9) (9 2))
((1 7) (2 4) (3 1) (4 9) (5 2) (6 6) (7 8) (8 3) (9 5))
((1 7) (2 4) (3 2) (4 5) (5 8) (6 1) (7 3) (8 6) (9 9))
((1 7) (2 4) (3 2) (4 5) (5 9) (6 1) (7 3) (8 8) (9 6))
((1 7) (2 4) (3 2) (4 8) (5 6) (6 1) (7 3) (8 5) (9 9))
((1 7) (2 4) (3 2) (4 9) (5 5) (6 1) (7 8) (8 6) (9 3))
((1 7) (2 4) (3 2) (4 9) (5 6) (6 3) (7 5) (8 8) (9 1))
((1 7) (2 4) (3 8) (4 1) (5 5) (6 9) (7 2) (8 6) (9 3))
((1 7) (2 4) (3 8) (4 3) (5 9) (6 6) (7 2) (8 5) (9 1))
((1 7) (2 5) (3 1) (4 6) (5 9) (6 3) (7 8) (8 4) (9 2))
((1 7) (2 5) (3 1) (4 8) (5 6) (6 3) (7 9) (8 2) (9 4))
((1 7) (2 5) (3 2) (4 8) (5 1) (6 3) (7 9) (8 6) (9 4))
((1 7) (2 5) (3 2) (4 8) (5 1) (6 4) (7 9) (8 3) (9 6))
((1 7) (2 5) (3 3) (4 9) (5 6) (6 8) (7 2) (8 4) (9 1))
((1 7) (2 5) (3 8) (4 2) (5 9) (6 3) (7 6) (8 4) (9 1))
((1 7) (2 5) (3 8) (4 2) (5 9) (6 6) (7 3) (8 1) (9 4))
((1 7) (2 9) (3 1) (4 3) (5 5) (6 8) (7 2) (8 4) (9 6))
((1 7) (2 9) (3 2) (4 6) (5 1) (6 3) (7 5) (8 8) (9 4))
((1 7) (2 9) (3 3) (4 5) (5 2) (6 8) (7 6) (8 4) (9 1))
((1 7) (2 9) (3 3) (4 8) (5 2) (6 4) (7 6) (8 1) (9 5))
((1 7) (2 9) (3 4) (4 2) (5 5) (6 8) (7 6) (8 1) (9 3))
((1 7) (2 9) (3 6) (4 3) (5 1) (6 8) (7 5) (8 2) (9 4))
((1 8) (2 1) (3 4) (4 6) (5 3) (6 9) (7 7) (8 5) (9 2))
((1 8) (2 1) (3 4) (4 7) (5 3) (6 6) (7 9) (8 2) (9 5))
((1 8) (2 1) (3 4) (4 7) (5 5) (6 2) (7 9) (8 6) (9 3))
((1 8) (2 1) (3 5) (4 7) (5 2) (6 6) (7 3) (8 9) (9 4))
((1 8) (2 2) (3 4) (4 1) (5 7) (6 9) (7 6) (8 3) (9 5))
((1 8) (2 2) (3 5) (4 7) (5 1) (6 4) (7 6) (8 9) (9 3))
((1 8) (2 2) (3 9) (4 6) (5 3) (6 1) (7 4) (8 7) (9 5))
((1 8) (2 3) (3 1) (4 4) (5 7) (6 9) (7 6) (8 2) (9 5))
((1 8) (2 3) (3 5) (4 2) (5 9) (6 6) (7 4) (8 7) (9 1))
((1 8) (2 3) (3 5) (4 9) (5 1) (6 6) (7 4) (8 2) (9 7))
((1 8) (2 4) (3 1) (4 7) (5 5) (6 2) (7 6) (8 9) (9 3))
((1 8) (2 4) (3 7) (4 9) (5 2) (6 6) (7 1) (8 3) (9 5))
((1 8) (2 4) (3 9) (4 1) (5 5) (6 2) (7 6) (8 3) (9 7))
((1 8) (2 4) (3 9) (4 3) (5 5) (6 7) (7 1) (8 6) (9 2))
((1 8) (2 4) (3 9) (4 3) (5 6) (6 2) (7 7) (8 5) (9 1))
((1 8) (2 4) (3 9) (4 7) (5 3) (6 1) (7 6) (8 2) (9 5))
((1 8) (2 5) (3 1) (4 6) (5 9) (6 2) (7 4) (8 7) (9 3))
((1 8) (2 5) (3 2) (4 4) (5 1) (6 7) (7 9) (8 3) (9 6))
((1 8) (2 5) (3 2) (4 4) (5 1) (6 7) (7 9) (8 6) (9 3))
((1 8) (2 5) (3 2) (4 9) (5 1) (6 4) (7 7) (8 3) (9 6))
((1 8) (2 5) (3 2) (4 9) (5 7) (6 4) (7 1) (8 3) (9 6))
((1 8) (2 5) (3 3) (4 1) (5 6) (6 2) (7 9) (8 7) (9 4))
((1 8) (2 5) (3 3) (4 1) (5 7) (6 4) (7 6) (8 9) (9 2))
((1 8) (2 5) (3 3) (4 6) (5 9) (6 7) (7 1) (8 4) (9 2))
((1 8) (2 5) (3 3) (4 9) (5 7) (6 2) (7 4) (8 6) (9 1))
((1 8) (2 6) (3 1) (4 3) (5 5) (6 7) (7 9) (8 4) (9 2))
((1 8) (2 6) (3 1) (4 3) (5 7) (6 9) (7 4) (8 2) (9 5))
((1 8) (2 6) (3 2) (4 7) (5 1) (6 4) (7 9) (8 5) (9 3))
((1 8) (2 6) (3 3) (4 9) (5 7) (6 1) (7 4) (8 2) (9 5))
((1 8) (2 6) (3 9) (4 3) (5 1) (6 4) (7 7) (8 5) (9 2))
((1 9) (2 2) (3 5) (4 7) (5 1) (6 3) (7 8) (8 6) (9 4))
((1 9) (2 2) (3 5) (4 7) (5 4) (6 1) (7 8) (8 6) (9 3))
((1 9) (2 2) (3 6) (4 8) (5 3) (6 1) (7 4) (8 7) (9 5))
((1 9) (2 3) (3 5) (4 2) (5 8) (6 1) (7 7) (8 4) (9 6))
((1 9) (2 3) (3 6) (4 2) (5 7) (6 1) (7 4) (8 8) (9 5))
((1 9) (2 3) (3 6) (4 2) (5 7) (6 5) (7 1) (8 8) (9 4))
((1 9) (2 3) (3 6) (4 4) (5 1) (6 8) (7 5) (8 7) (9 2))
((1 9) (2 4) (3 1) (4 5) (5 8) (6 2) (7 7) (8 3) (9 6))
((1 9) (2 4) (3 2) (4 5) (5 8) (6 6) (7 1) (8 3) (9 7))
((1 9) (2 4) (3 2) (4 7) (5 3) (6 6) (7 8) (8 1) (9 5))
((1 9) (2 4) (3 6) (4 8) (5 2) (6 7) (7 1) (8 3) (9 5))
((1 9) (2 4) (3 6) (4 8) (5 3) (6 1) (7 7) (8 5) (9 2))
((1 9) (2 4) (3 8) (4 1) (5 3) (6 6) (7 2) (8 7) (9 5))
((1 9) (2 5) (3 1) (4 4) (5 6) (6 8) (7 2) (8 7) (9 3))
((1 9) (2 5) (3 1) (4 8) (5 4) (6 2) (7 7) (8 3) (9 6))
((1 9) (2 5) (3 3) (4 1) (5 6) (6 8) (7 2) (8 4) (9 7))
((1 9) (2 5) (3 3) (4 1) (5 7) (6 2) (7 8) (8 6) (9 4))
((1 9) (2 5) (3 3) (4 8) (5 4) (6 7) (7 1) (8 6) (9 2))
((1 9) (2 5) (3 8) (4 4) (5 1) (6 7) (7 2) (8 6) (9 3))
((1 9) (2 6) (3 2) (4 7) (5 1) (6 3) (7 5) (8 8) (9 4))
((1 9) (2 6) (3 3) (4 1) (5 8) (6 5) (7 2) (8 4) (9 7))
((1 9) (2 6) (3 3) (4 7) (5 2) (6 8) (7 5) (8 1) (9 4))
((1 9) (2 6) (3 4) (4 2) (5 8) (6 5) (7 7) (8 1) (9 3))
((1 9) (2 6) (3 4) (4 7) (5 1) (6 8) (7 2) (8 5) (9 3))
((1 9) (2 6) (3 8) (4 2) (5 4) (6 1) (7 7) (8 5) (9 3))
((1 9) (2 7) (3 2) (4 4) (5 1) (6 8) (7 5) (8 3) (9 6))
((1 9) (2 7) (3 3) (4 8) (5 2) (6 5) (7 1) (8 6) (9 4))
((1 9) (2 7) (3 4) (4 2) (5 8) (6 6) (7 1) (8 3) (9 5))
DONE
> (queens 4)
((1 2) (2 4) (3 1) (4 3))
((1 3) (2 1) (3 4) (4 2))
DONE
> (queens 3)
DONE
> (exit)
